497 1094
108 495
109 488
110 487
111 485
112 480
115 479
113 114
116 477
117 473
470 472
118 468
121 467
119 120
124 465
122 123
125 462
130 459
126 129
127 128
133 457
131 132
134 454
135 451
136 449
300 448
138 299
196 298
141 193
145 190
142 144
146 189
149 187
147 148
150 185
154 184
151 153
156 181
165 180
159 163
160 162
166 178
167 174
170 173
168 169
171 172
197 296
198 293
202 292
199 200
211 290
203 208
204 207
205 206
212 288
213 287
218 285
214 217
277 284
220 276
222 275
223 274
239 272
225 233
227 228
241 266
255 263
244 253
249 252
258 259
278 282
302 445
304 440
307 437
314 435
308 313
309 311
339 431
315 336
331 335
317 327
333 334
383 430
341 382
348 380
343 346
351 379
354 377
358 376
359 369
363 367
407 427
386 404
387 400
394 395
391 392
416 425
422 424
419 421
500 1091
501 1088
507 1081
503 506
509 1079
549 1076
511 547
540 546
513 536
533 535
514 528
515 527
541 544
550 1074
558 1072
551 556
553 555
563 1067
561 562
566 1060
567 1057
570 1055
571 1054
579 1040
573 577
574 576
582 1039
584 1034
585 1033
587 1027
588 1024
649 1021
590 647
597 644
592 595
600 641
608 640
604 606
610 638
614 636
615 635
616 632
620 630
617 619
621 629
622 626
623 624
651 1017
855 1016
653 852
654 851
655 850
674 849
658 671
659 665
661 663
677 846
675 676
679 845
685 842
681 682
734 837
686 733
689 731
691 728
692 727
693 725
721 722
694 720
696 719
707 716
697 699
710 715
797 836
738 796
746 792
747 789
754 788
749 751
755 787
756 786
763 785
758 759
765 783
766 779
774 775
767 769
829 835
799 827
800 826
818 823
801 817
811 814
804 805
820 821
857 1014
916 996
860 915
863 912
891 910
865 873
866 868
896 906
892 895
899 905
918 993
920 985
966 984
929 965
930 963
934 961
932 933
937 959
952 958
938 951
944 950
941 943
945 947
970 978
971 976
973 975
